536.0005745838199
684.6889783598867
178.04194088313886
405.65102176729664
26.595958132626134
132.6448107580718
123.19968484289983
58.19009084434788
416.29111532969165
579.5546901151204
370.2560515370043
134.50752294480054
117.63308177283814
153.17068974874363
225.25542682014867
125.65005790594222
58.111560954756015
51.64209960733219
50.64645867280142
46.90668575312631
229.35921827097366
212.3520999574178
96.23529864562674
81.96833174618396
273.87587043857684
254.52047636998927
129.2904917105276
41.521279024554495
82.61860966310313
99.36442855474546
106.3817646302426
152.58262158266868
105.45793397361199
237.53035903584134
459.87741328015363
521.3605507044733
1.8872385480757239
58.13336453886784
795.1134835785514
304.7276810392711
251.7703009886291
315.30953855701426
381.19217945592936
351.99783771059526
42.95898456185023
149.1863224476414
70.92012795049526
105.19471944185494
109.64451449829168
323.23574061013585
84.8290246584477
313.2637946655563
49.01251400895845
63.87510199734984
25.029958948555294
100.15880120468236
235.30380721737413
682.511021590628
93.39172604198149
36.938299121183434
125.54992676002344
208.46888780482828
363.11534255640885
102.83510271177245
242.56286693414583
1.7757019379232126
197.3402295617776
233.79633191916773
232.81474308532663
19.129407521899928
89.69973499864854
86.96465246484135
79.50753578965644
180.4919968115856
512.19089695232
135.51881381324006
102.49313361785694
170.03588381110424
137.6088517311882
53.604803472056176
303.7120693618312
344.4512040148666
36.92304152290842
289.17198804279735
110.0711993309927
347.5923269668948
119.85976348896897
263.7222207225576
31.302246081245617
97.65667293427967
541.8464106726448
40.86415773093442
172.74856498549983
159.01279920350748
426.91772808713495
24.703563974497765
297.88025236809716
413.3409915365923
419.9053381888924
233.273503182529
348.8343316885703
82.29719898941768
250.1280269525759
186.51152055959568
143.73481406850394
166.9967096797741
207.77801958413323
57.78682842478899
61.59281728035363
146.50086841576265
164.9254812380869
282.9686467811174
71.8514850029602
539.4161512346004
236.07238765427095
182.78218245737654
108.64226405974217
395.5965009900599
30.818753725445735
293.7701953451407
180.32326216416536
231.66528400234677
247.13347696785524
138.1418684301891
225.76241028452816
147.68958866723025
483.28193166591893
234.1750645850305
106.98766697554463
249.77630965925894
27.880517058576338
352.1571565626449
424.36947771202694
587.5565577500633
70.89788667726002
105.29667439721162
881.436170398886
228.96328662509822
233.24198411168217
217.95946893285634
22.9011377499806
98.33933547016646
148.47425124566695
294.13355218966814
414.5405983493235
241.2413440333538
221.31290697044847
67.12732909895449
332.2723561902538
57.548752025534654
126.53518365463594
213.20480892684893
114.7177206793449
93.64684740468458
140.5936848445486
26.000271532792183
147.2472219113242
80.99385768560697
294.49609189276293
117.27057501097684
30.865627735761958
565.1757174988654
284.31183261640786
286.55160487330755
287.40307480352254
33.84468056305819
128.6392606757551
85.92857878854775
82.67745598231484
206.93399152835164
30.378713768691917
101.51935448501779
147.33176732664597
603.4432930205675
146.06773322194059
188.84791779995538
83.6540311556118
27.658482286552633
189.0570027260139
218.9875354298027
159.79484090426627
577.3968206641438
59.06538845473833
40.42438056447008
526.974140106664
541.2466684703585
31.73784327292542
109.39113992958092
92.3440594153877
241.82957443971353
358.2637113947784
61.04293560555821
234.36010295770106
349.07962247499984
64.36405792740871
87.0945084893037
259.1477849089073
54.17868626247018
46.34622837628598
369.35856031904615
99.87463513169443
244.52683891362548
554.9465561296144
74.33746229265329
373.02491363348224
156.81728946008334
202.78072432558992
78.68581408509179
50.782184409174924
148.60561550028447
333.7726763967508
839.8419058097418
169.8920154824598
214.84037858312618
400.1141734295226
438.5925202682944
190.4176959526469
232.99967230193442
199.75334585903752
129.94466999980193
60.039901222383484
128.79485121706128
301.59113221985297
29.621704284063178
11.458690691893278
23.951187566154104
324.9213131901672
633.9520377633776
17.310715422063517
96.75588099803157
192.80803482642673
317.39968820861253
203.77293126060584
328.1773736984132
260.8853313181405
172.14207787145284
259.60362179719505
105.00558907238752
67.20017459241886
325.3084230060481
84.84674862443124
93.8752584976448
166.03973186476645
49.16419816833186
100.66467567941947
104.35927716800724
66.43603787960618
208.8558804786238
162.29590787443325
50.755604794367926
175.6612162760542
58.04882409464847
71.0330223959492
353.513112312472
160.80703002009022
198.4320004005079
126.92628980483643
102.14577279655543
267.77874029158147
110.28896874329939
126.1796065467533
122.53108007003829
227.38187963071104
282.4177243556709
178.72801067888008
95.95159574318262
289.36923238890904
363.2738538166256
226.29618986929358
268.29987290902005
121.94136908686643
269.01945680382727
87.46908846674015
70.68551389638297
46.77336593140823
307.74771278842985
376.23224976834456
615.9863372307641
269.6038433556963
152.74171520088848
320.9420522049103
252.72771926371368
216.37252606541674
47.73683664132546
29.71823027325428
29.971122297792625
208.79181746947987
224.88018146691678
59.55887845108558
341.9308468976155
222.36621979375747
44.46220122649662
211.78517364252284
240.3236936537658
301.5906819257332
22.394327908580898
53.9984093659127
229.85808390925152
75.42338041474696
156.0128559200742
51.12321138625325
255.01613595011702
99.53798658509501
114.61666065661397
232.24145827365595
108.00744555788438
272.5688282598107
284.11890135714725
98.44112243528484
153.37554873237872
232.51394216768082
90.21410412917722
67.5035250924241
280.335530816036
354.2586774830638
233.0995085832063
354.5744533381824
116.16039268099705
17.79408176888688
465.11304107915186
37.605327174774565
275.33252036225554
59.49963266278253
307.39713322648043
146.21330956409037
423.99028518330067
51.534224367948845
64.9843160540989
174.3489889512518
148.48840238365457
209.78227662761424
138.57926551112138
125.93273941469563
183.55480018596145
106.71151185919385
93.92682889410241
249.9176534561973
8.635286195703118
24.393380733769835
689.2183186932263
376.7493053679037
227.0982134450086
137.30428581258158
136.77588009056973
256.12564796279787
94.06364935822786
165.40877896536247
309.1988353467668
137.43117761273317
22.713593551553917
95.16993981805511
430.59735125297334
66.19017733289296
340.6273094256347
454.049435043621
63.98659491779446
115.63607872489268
387.57132810096175
116.85458931501293
304.44665954228293
250.45608082819447
205.59645828323002
275.43099582968057
221.03803943463984
315.5091151199355
117.31233134452697
319.18987733256745
171.7119392627257
100.50756634279901
112.5351122888012
198.255012735614
72.98749485682401
317.43753351833016
259.65316100068804
607.5799317694992
315.72460219122553
55.36647475970183
190.6605756890084
316.9603184076154
186.89158692234918
184.89214543918624
75.77864761968534
83.78930425031064
67.021222114843
476.02688656184415
45.3414044377339
243.9339574179798
112.56971223706249
23.693595079579172
136.84518142244775
245.84084102969487
24.972755404846204
246.7068018020718
220.43530400010107
150.01136614032325
187.0304621957117
58.98645341556291
401.3584684133755
85.65066583415054
258.7294244020162
47.76900014174295
156.9588996509786
220.91428304028688
357.7584248138841
154.75026574412584
173.92545264555423
315.2492783196338
84.31194849703445
89.12360949417346
314.5664672759294
360.8191119636057
58.46080194630932
214.2993749403748
73.85959269146552
236.58812737328824
120.5163436347083
455.27616652258365
124.2390199685018
183.64451838392236
20.782393733502484
197.86815398480098
280.30369462829555
85.44958920706077
363.53028965934277
101.92861698943321
198.73180270238188
323.2969715442811
252.59569363613252
317.39124777367476
286.3060338424961
191.1224790326737
264.3405074299964
401.62258552116106
416.5554422530726
280.2517441737563
346.2651244039144
110.28260885789895
461.5817460235577
24.467793434606655
140.04031367701606
346.0282594814727
61.07459069239909
278.18943522657827
297.0272940399443
255.2486464909944
81.97929789640241
548.9091707833868
74.91032641338103
9.216726584495357
15.092038223207235
358.07281424570107
117.60059607035495
137.07193394325697
159.48992868912885
182.6104222817257
45.1222139595325
240.6470989198957
191.46926270577674
59.84612634545633
121.33929032657251
40.91290926559552
301.5792312577852
269.93851619770555
77.46292313119072
280.17782260175454
666.9564297506548
306.6598476380596
85.23154450656885
94.54266592476162
123.51621630005889
111.97568422622615
39.939894251147955
109.8659522764669
465.52041984124617
180.46917543019313
223.32055186099277
97.21450742416604
180.16281090319637
612.2787952107793
49.959234129154524
201.36901253406063
198.12133859705253
81.52519081383603
111.9457965667209
28.922710689923687
129.74232722665374
239.5143774622538
247.98300348904715
316.7843742173784
226.31689077458424
436.2604398414394
216.5455157961354
19.124878991478667
486.1803949604015
104.88872090239806
270.6326706443702
163.3398405122495
157.31682356112907
216.56512514143884
41.14136645702809
161.74285416344475
285.80651902826423
262.62806757193727
71.17844556109716
73.57974246803846
336.0936959219544
312.75304078940644
479.9951035554571
252.44069076368322
345.58614715128164
55.44910703690188
167.07413910175296
119.80272289305655
31.149230168612004
389.1501161352877
324.3687087997305
251.253281078539
106.24733607969796
119.25784344151309
32.75224431376931
184.58053464690667
173.0162993710499
321.68845107914285
84.76801865461724
209.8188747637348
43.1899591597684
194.26676466508493
86.47146530406266
23.49981626584732
125.19361341346232
106.73287784156662
259.02478900950206
155.76795519536233
32.83585676343166
82.71965584365375
525.3740275682429
323.36549377742847
58.865455578364
57.340501734024684
667.1700380842877
231.25368861807155
150.75067009609327
52.01775434262006
44.670181344566075
521.5138356429401
69.46878551481845
351.47399676392837
44.326045986220855
94.27991800310288
63.63489238986525
184.58928285744233
169.66317712963715
192.26144911138186
303.62122847316965
127.01468591224328
84.96912671836847
208.9452259145522
182.2609700136657
329.80397356217935
350.7115666552548
156.82834782909612
29.729043341043955
46.581202242130665
27.170580959419453
36.184429814462874
125.05500703628107
407.14828900723006
39.26163407101011
109.51305439652185
69.62666437067202
58.3940665568874
133.36469418687489
276.53533146677097
347.2593938725493
162.109679474821
683.0459843933111
100.47821584985033
40.70522239863627
278.018392873203
106.60040656126786
318.1384721524632
418.00017938730133
173.17337273163426
416.2800242330014
290.17784638584516
279.6706048146811
107.49378088140189
58.03205616372939
119.45555261009775
223.88777029732591
30.46790698538495
151.85694792901566
10.364335163307462
200.44125729500482
49.16264179997274
229.2277566346685
98.34751735909414
146.34269909027174
33.95573678503725
354.19479332825887
785.390318475873
56.83089856942167
126.26298513813667
263.64048503783886
158.13802134486795
140.79851938237266
521.0196022444844
408.18289347786384
122.97171726057528
78.38594594557105
58.55968028872181
31.539416010274834
53.17786358196791
92.07873046458722
267.40197896178273
81.65260454111814
44.961966648193815
234.70728996996928
63.88939603875483
92.48235914232482
167.75702568459667
150.60955480357174
98.67943621007737
15.571015092934037
63.46813526234135
74.23977687021222
106.565721367246
54.627504705378804
126.32149309894145
647.5358828826887
84.61267709529345
195.47407708280886
79.42199865467605
215.0368066280664
59.73958859110146
275.0074747333569
241.54388445160598
232.09420044200337
294.40429096415033
154.8350115729791
166.99578275982626
313.12920051367803
214.60107057778495
125.5821004237134
302.8172799294961
226.63203027884475
175.042653688932
642.2798530890896
290.64462901538155
122.34537328579029
118.58563773710027
150.73938296021694
332.43281018006957
442.8386756808691
166.85748850792857
77.06572460013436
238.35174599344646
161.3877068590618
42.078914734472555
364.55843256293434
278.83333012101065
259.9995307972072
36.51665302746041
256.78422106638385
378.16690544027676
351.7941955192691
226.20295070038884
17.13886169278265
103.05998681055648
199.17187814513224
106.50161572102095
62.8456265638583
100.42021736094244
169.27200010374992
80.05293016723107
184.8639694599101
381.92439107037484
222.9975036751195
152.01647595887496
96.38181057479022
212.68438971789533
69.78867695051977
450.8429591896415
217.59152565635242
144.33086947138565
245.8518716390963
93.9090402964465
184.93771828322036
573.6055977661165
739.8888849659361
322.68820390221936
144.12996661920062
246.11074666464518
316.21041007290705
180.64030272221163
441.53468051749616
258.9737044950253
230.17495072573712
137.30282446140708
191.959474174266
233.36334857789635
125.81184282032869
197.23096391170614
125.5165301848608
458.2790020206706
536.0768488366864
84.06411771537277
177.33182808718885
452.3963701909878
311.947391038317
61.14634626930678
220.96197585096257
119.02151926500895
65.29076229746833
272.28091627584394
380.7653544244665
460.15141575128087
64.97601107711195
194.26351611028468
91.21591814109566
120.03855105799495
225.11686154984392
345.43627406052553
83.07841782056404
82.88082824416354
509.1195303558199
274.1732754943199
225.49484777336986
327.7545293789226
86.9456270346157
112.05575186256804
131.8431521673594
109.84753283266227
285.1719998016895
284.45371978122637
236.85297878348985
284.38736095570977
166.87888875831518
96.8204990147163
98.40508673407625
106.05555165247208
105.49626470111566
42.90552707205509
185.50133522197055
335.0145956887481
30.038213586873262
528.3394361371359
171.73644596030323
44.96854364510573
138.37609142105347
479.58940193911053
16.934584873747944
232.6132778042932
159.46712883840783
213.26995364181718
157.67759778133694
127.8665275682179
390.79205458738915
430.6332554755503
137.34324152301392
111.07881763698641
307.383498541948
215.74250174106498
141.4069644112228
199.36587101511526
151.13625640125042
404.76088104512104
353.33022380981316
132.33190522642934
57.12240970311454
16.977064444943892
66.34752954973136
129.27281699376124
354.91028341583615
40.104406007086
396.3791276936355
242.21619180429514
43.80385890199699
192.62865012500578
222.77262677971828
140.29561855843127
54.655059860337964
694.7768604685881
287.95542970647654
162.05938052074833
32.32089847387135
394.0651171506647
92.23558656242685
46.3780890184575
52.641278255599346
296.2301720842393
97.42582157238927
228.07205512438742
237.31308587236285
219.90115261657982
142.2760151041525
91.37670765739291
17.9483783804134
149.52708006521598
276.5540886030093
63.48576569462202
241.44766811495043
130.5492111783451
42.38267364864795
101.70231253749861
222.14465737557694
117.20624427855991
141.8446017761984
552.1417472397361
92.70855314051994
109.8083099799936
72.04301414431829
134.19868993783916
179.09985641539643
95.57501368520235
130.67919401292608
140.30335210668588
60.591558072662934
575.2839391488595
67.3269743235644
71.93135417871403
105.61313364704374
95.2357439678476
246.0786989144959
630.6768860987179
161.6525948404877
111.07893274367562
30.723579095281785
255.5706606655675
53.67233440834174
339.9174152835188
96.94649788674242
74.81940333310123
387.88344035910677
64.45307996738687
251.49453607401023
168.03925485137682
47.33914494030052
130.24620662515264
102.4575126244566
122.05945668540701
119.29844501314881
255.85604011846706
96.53557090711158
133.14253242505382
160.08741327164108
171.33114944662893
75.52905719026863
49.574584622575365
258.5965021110268
9.752502323559957
67.22015198419464
103.83724472679032
74.74109115123687
66.9327343429678
50.25857217222259
134.17256361100186
977.7469677613301
73.50657480853351
109.53826715243811
198.28179001410285
97.07724303468159
64.41976898394857
204.6658910927548
239.90658562029375
26.653045723918062
332.935464058429
367.74900272186875
223.8487145212137
226.30666004169493
249.1986326266605
88.60074272499713
195.76355770679697
192.83312183940166
115.30408971295014
64.10854983384226
256.06060419459715
200.4950954083161
144.0613511864983
132.17386055770154
134.769437636819
167.25552209060103
55.597258531809956
613.4908778631587
212.86825176597316
220.72530334946632
447.4765501914901
396.59560168213875
258.7562088074945
205.16863555978108
38.622316921083424
244.54718363223756
146.9875003719561
230.34850619469688
54.7243699405471
69.51362977809507
105.63685138756551
369.0589768007908
198.53825818235993
277.58283964857384
156.92472036023133
496.9018977099357
149.68899887991313
121.20346394451802
100.81797413264377
16.888821376484735
206.18289554471878
289.2675828216453
366.24231166923266
518.6709364685527
231.92781358618518
25.21379627422257
20.881763053461974
170.86380927926405
240.64958296367504
364.99581865546844
121.64504730501055
182.22297510825095
140.99032896672438
130.5776821349229
391.6784295706574
229.9532863034515
236.58921506097096
544.4370722595962
168.58662602473652
60.51650106317026
121.48212923945654
224.40338273043764
339.16925863235093
193.34157736594844
149.0963956331382
239.31726338718101
418.9108531054881
135.20729345166563
140.78122650809797
31.69669580998205
202.18847360475408
51.5920397365875
129.37130069586178
98.36766173081256
87.9043382960449
80.76860334490938
212.4477443235346
275.2265795237817
443.38720622526876
247.3804014934572
408.4539028277777
207.697006162581
183.95109316721562
145.1800689019294
308.75938997574565
495.50898255643585
13.20670020873973
97.30074531829396
219.61094347408255
84.1256455782102
238.36847523663565
379.7969068755373
268.3009572677866
65.16426056203643
408.2986484590551
83.58961052708878
149.58182036472627
208.64165151427437
99.17586047239118
345.40974056051505
201.362732267584
69.78674304805801
177.4763911564474
160.5184872176497
343.33025336313233
464.5086402174382
450.3496634248914
291.560643762998
347.8209771721946
113.05429226780109
105.15892170314329
52.91869111243835
136.14913894597623
85.09795852295218
202.9157256447907
330.79781425637236
156.5017444485276
129.35761840322678
151.80356020244346
166.1737952240527
23.489147510598706
140.18066027824113
255.63803463546665
277.0278424710988
78.42181039516606
382.7557185812597
215.48676322874232
131.97017965359683
147.383969350916
262.41863902736935
239.98233408398497
34.845946346330784
212.04249130324047
182.61476303045566
166.49129547325416
110.25061240564027
72.44093103544901
117.90803349150103
50.7190053939681
350.5139264541376
317.3116643950722
91.72133902541086
66.65737337288508
99.39584480155634
208.8703821305713
426.73238620891107
147.29794882210368
100.81425591877178
389.0441909310944
949.4396037064431
288.9148667689024
347.7617422703348
108.04072933880602
239.09738705338364
71.38049836382498
283.8644389329813
69.62789483003527
